847
848
849
859
860
879
883
884
885
886
887
888
889
895
896
899
902
905
911
919
922
935
936
938
939
941
948
950
952
953
954
955
957
959
960
961
963
964
966
967
971
974
980
983
984
989
990
995
996
997
998
999
1004
1005
1007
1008
1009
1010
1012
1013
1014
1015
1016
1017
1018
1031
1034
1042
1044
1051
1056
1057
1058
1059
1060
1061
1063
1064
1065
1066
1067
1072
1073
1074
1077
1078
1079
1080
1081
1083
1084
1085
1087
1094
1095
1096
1097
1098
1099
1100
1101
1102
1103
1104
1105
1106
1107
1108
1109
1110
1111
1112
1114
1115
1116
1119
1120
1121
1122
1123
1124
1125
1126
1127
1128
1129
1130
1131
1132
1133
1134
1135
1136
1137
1138
1139
1140
1141
1142
1143
1144
1145
1146
1147
1148
1149
1150
1151
1152
1153
1154
1155
1156
1157
1158
1159
1160
1161
1162
1163
1164
1165
1166
1167
1168
1169
1170
1171
1172
1173
1174
1175
1176
1177
1178
1179
1180
1182
1183
1184
1185
1186
1187
1188
1190
1191
1192
1193
1194
1195
1196
1197
1198
1199
1200
1201
1202
1203
1204
1205
1206
1207
1208
1209
1211
1212
1213
1214
1215
1216
1217
1218
1220
1221
1222
1223
1224
1225
1226
1227
1228
1229
1230
1233
1234
1235
1236
1237
1238
1239
1240
1241
1242
1243
1244
1245
1246
1247
1251
1252
1253
1254
1255
1256
1257
1258
1259
1260
1261
1262
1263
1264
1265
1266
1267
1268
1269
1270
1271
1272
1273
1274
1275
1276
1277
1278
1279
1280
1281
1282
1283
1284
1285
1286
1287
1288